$ANSIBLE_VAULT;1.1;AES256
38343864373163613934393234303533386630383132633531613831656366636537656636373165
6564636137396361646137313161326662313535356363300a356137393431316234336661613532
38626637643866336661646630323137343230376433633663323565383739633230336433383362
3734346564393531370a623534663961363563353434656335316432643562323437643461373561
65623439343939363936306331316538306563623933646538303737366563646663613632376166
64653565653463633766626138303034343132393231353538623063366536333366333239643435
36386164643035343164616339396364623161326239323665346564623236386439646332663161
33643433326461643635363431303065346662363761356162643831363865666665393536303630
31313763346131663836626236626337323037353831663338643265643735616164326432626536
33356636356666396233386532306439306263623735626436383239666639623439303236363265
39366165323838346638373731613566363134306330363062366463626666663632336530386462
33663831663463356134646366323034303962646332373766663830393832323034653662386565
34386466343531653164393665653461393333663939383837646336646432663863333865366337
61623539623734386661613230306661363031313038383064303262386464333339393531376133
35663565646233656231633463653163396131383961353036363430666133336361313732616461
61363966306665303866666630623239326632613834336365333435323830633264323739343061
36653636656661373663316661616562656432313134636133306564336137303762666239346331
65323030346665373835356466356332393964376565633862313537336136646135653365613034
64366264336537306430366338613938303134393065303138366332653131613234383238616463
30623162353632656331643930333837626337306131633130393236346237363666353462346539
32653664393762393533623639643065613138653161326338323038383261663866326533643232
36326466323136323932313736633463313133623832353865333331333262393531396634666230
63353362323166303464313564303337626638663065336536616235306164346264663764653738
37393232383334663561373934363238386663383930663638386634396430333264643838366132
64666637623461343661343664613561326562643165653834313736663338626330353535313734
62396131383531366130396334333535643832623666386164363661613433343166623831666162
32643462383166363463333039623838646436306363653034323236336332363662623861303438
32636531623332326365393836643363383537656333656136316339613930653163306265656665
66636636323466663531323866316365303936393733613161356530653539326238646266613663
63653731663764383531343639646231373364346333366464303233323736653330336663366364
62363261626463363531613161663031316266663330393762613432393562363234303931326131
63653261316338383034306366633765333261363832333161363433386266636236623564653530
37353066323432323234383266313033623065633835333532336363353932303736373634373935
32623966333461386563643231613837616266633432633665663436343166316161313835643433
37316639323265386461383037336366623437303863333364363139316139623164643437623664
62386235626665386565393639366531313137303864366362316138633130626366616534316261
66303539336664656332343139313266343765346432356364363137366566616563616637373630
62616464613438303130626130643931386164623832393638363761663731326138343865386634
33333936333462623630656135303037643066363463333565313863643164316662313830313337
64383835396138373235333231306363336134353664336337656165396562346630393234396636
38636232303866626433623130633938383137613730356339333963333132383762336337333963
33656231323733626137313733343736303763303737626335316664663336383736663631396632
63303436613232656637643765323337643765636135636532326634303236333165643433656166
35336532636466303035663262626664663630333065306564333563643336633664383961353133
31386337336235396333653866616461323063353064353537386265323162346432326639313465
62333633646566383733626131656364383938366633396533363130343437373735666437623630
38393938623437656234393064363063336635393630653836633938386232616263333564353338
65643234643664643365316530646263326366616438316662373762666664623765343463306365
61643331663837356437633238306131316362323065353431366462393533383530636262373130
30393236383334306434373062383936633662616433623434353366346234613764396566343431
65333231363331346132663835383963326637336631383831633838353434306137366331383930
63363263653262336564333130313534643161613934336632366562653733393939373266323830
34353865316633366431663537373231383230303061393363396164653137616230353636653436
30613263396266393838343636303763316235306661383163356331326337653834396666663661
31303166373762346534623266323234623836383236383665306234366461653366666265623062
61613530646563616263376661633734646138343865666131316666393463333066373733306666
63633534316462663437376535356662623031663035353537633666363631653337316131653563
30303835653964306464363965363034393761373532373632623838623065313136393438643663
36666430643431643431613030366366646533323430306637653133323337643062376461373264
34306632633732383237666637623031363235393361343430373738356532353665613335653165
38373031613434326439346334373361333233323764393333623430353365363662653631383034
31336531613634333837393464366635666631316566383232666462616465373461636436666637
62616134393862363461346335336337613631323539376230376364643130656564663933366163
66316231323961333264316437396264643963346164356663356434656465383533646162316235
39363665326133613531303064303066646633376339613832653962633961633863306266323536
36393035663262613362303232623739316165636539336238353639343662623065323861613863
61373966356538386333303534313432346236366566343833656439646639376532626435303662
32663939326330346266666565333461623233353538316262626231333238643636323331383035
39313565656261646537373038383530363336363864383666616463636432656262356430643430
37613639383233353366373265303138613639303864623338333166646361373664363436656231
32623933643834626337373533373137316666363063346635616534396632663764356337633563
34663965653233373339623731613366313738376161633034646632353963336339653739373438
64386662393932633832303764326536643933633033373534376139393835373837323134643362
32356336666530623633663564656539396638633236646137653533623739626131363536653364
39313231653036373132613664663739333763663865643730386432616666353263373861373635
62393636316463373531666463333966313634666335656136643238393039376666306365346333
64616635656632323034393531376461326134623536366666386162303065326165383636323239
64623736303535366365663036366235653964656462646337616635666366306637393631386435
34383361366461303630623735616265383930623765383162396531393666313163316539666238
37623262636233373233626464356139386237313163353461636532643464363163333063666133
36313761396238306535303066383637666365343131316363313639663730333066303236623762
30303039366637393538376438373363323638313634316132383437373234613735646533313137
62353664643935383035343365663133633932356162663661326533616265333061343937313564
34626135383466646662613739366330613466353733613633363338646439366361663138383966
62323434613939306131393066353331653238373461393237643662336536653339353038356631
33616263643864323965333035383766333836326564313663306561353763396265353362653230
62636133303131393034336230303038663333653938326233376430386430316237376235386633
39346333393038366634373862376538633839353138666532386330356133313163303861613836
33663531663963313866366537373631613138373366346262653033393031373663653063383362
34383863633964383262633434656664333961386361356230376335663738393037373632346162
62346134333831383839323166316262326166643066363362656262643966343663613565323739
65616538663737646166353862303832633461353035383162333437636632323336663866623233
62306439303032383336323939663831306235373832633131623439643630316165323733353133
66316234366536313062333637326335613861643539383764376332623463633763336362323435
64313335333264653034383032666139646536663430656662346363393865376330616364356537
37373763366339333331666465353236653532643234356131303836336637363837636666386435
33323964663635656232656366343433373039373234613061366134323763356566353166656336
66306136666238666333356439356334303964343733376330343434363739323763323331646333
61623337346439366635303438616439393930626464313734386638326236393065356436636162
36353064323166636332666539323735343633376531396238343932336633653138663461633232
30346638623636663363623362323538633262303031336662393865646536653936383037346433
39306432366365663666396661316232626365383537393936333164616463363364623731333731
61336362376137643061646164646531363630353863626339366339323263376265356434316139
64316233333663633133613366313164323866303162383739613736646165663432313631653238
64633037663363646239373735346639383165656234363335623139383036373561306464303233
38633865306538356465663335656336633133323632323361656365303537373239666534336663
61326565316164303465336136326330656330393934653466383235346233643265383966613562
65656462313838653937333833383238373334643932663831653533346238653831663663623535
35626137663238313134633434373963653933343730373266653262663061663434643036613863
64376663303537663739393437613137316261383533653065353830366266636231666635333565
30336530666666663565643631636134643262616231643666363538396138646136666339383835
63636331366262376430633333306333376463643363383065346161336562376330346366393666
37326238326639646261616433333666363662313866343234613331363962333630343562313062
64336162303766353138616632383535393565343735303633303337653837346335383238666337
38623366363639653639343932323337313531656366646333343138343732376666306566626166
36386164333233316134373331616565383866353737326162653337313330373532653163346461
64326161393834366130303466646233386139343262316466313562343432366430373964646639
31373233653331663965623739383336363131373639333439303832386230326335343239336337
38326663626366313438353139343933396131373536386635373238646364633832356239303739
62313134393033306536303637363136303466376633396535663361613036626561636333373032
38383535313039333333653764656631653932306239613135326537633433373937303565656537
63393237336364396434306133653638633963393736363238626265303631343931373466373131
61623336343037383036356139616639343237343366393737333662636135313165356234633163
32363833303966306431366361656238666266333939323366613237343765326336653837653233
33316138633338623161313135613434643265613838303663646635316134303662643863356639
66333536343334653163663362343836646131666664636361316563373133356638656535356663
31363231323164366337393431336531346230613063323235653034626162396537613331303139
61656366373630356438616563333936396666313962643963373234303261633731386261656238
31386238376132386666653762623236643735306433333264346338303664653566656434313365
31646363343064626330343362613966376334373262343330353538646433313663343337303366
32323539353662623735646666366135343833613934346335373862313437356139663131373834
66633766366331316530353462323135376365343863316166323163323435613366303165393534
31626265616631386536633737626636643163393564393134613038613331303530303337393732
63616165333138656138373432326537386432363135373134623863656430653639613866646662
66613964376664643633313532633336666232356165353066363165643030363739643439353263
39656364653161333832616166663132306135653232633232643938323730653365383935383430
30333034333361616461376134653131366138383663386136303963353763643132316236303962
33336137343061303634373833366332393335663433343737646162323436636236626466663532
33346639623135353736633462666139343738623265653164343665356162323736373830633630
32373862393234343635333036633264353431346139666136666662333262306335373435333731
35653538633633356432303638323034306164393535336632623934653964633535323939323637
35356235303666623735613134376438666436653430313062316230313861663339613636333136
333131386663383331653065333964316432
